0.1 0.999323
0.2 0.997321
0.3 0.993989
0.4 0.989350
0.5 0.983426
0.6 0.976248
0.7 0.967853
0.8 0.958282
0.9 0.947583
1.0 0.935806
1.1 0.923010
1.2 0.909254
1.3 0.894601
1.4 0.879119
1.5 0.862873
1.6 0.845933
1.7 0.828371
1.8 0.810258
1.9 0.791662
2.0 0.772656
2.1 0.753306
2.2 0.733681
2.3 0.713846
2.4 0.693864
2.5 0.673795
2.6 0.653698 
2.6 0.653698
2.7 0.633628
2.8 0.613635
2.9 0.593769
3.0 0.574074
3.1 0.554592
3.2 0.535361
3.3 0.516415
3.4 0.497785
3.5 0.479501
3.6 0.461585
3.7 0.444060
3.8 0.426943
3.9 0.410252
4.0 0.393997
4.1 0.378190
4.2 0.362838
4.3 0.347947
4.4 0.333520
4.5 0.319558 
4.6 0.306061
4.7 0.293028
4.8 0.280454
4.9 0.268334
5.0 0.256664
5.1 0.245435
5.2 0.234640
5.3 0.224270
5.4 0.214316
5.5 0.204767
5.6 0.195613
5.7 0.186844
5.8 0.178448
5.9 0.170413
6.0 0.162728
6.1 0.155382
6.2 0.148363
6.3 0.141659
6.4 0.135259
6.5 0.129151
6.6 0.123324
6.7 0.117767
6.8 0.112470
6.9 0.107420
7.0 0.102609 
7.1 0.098025
7.2 0.093659
7.3 0.089502
7.4 0.085543
7.5 0.081775
7.6 0.078188
7.7 0.074775
7.8 0.071526
7.9 0.068434
8.0 0.065492
8.1 0.062693
8.2 0.060029
8.3 0.057495
8.4 0.055083
8.5 0.052788
8.6 0.050604
8.7 0.048525
8.8 0.046547
8.9 0.044664
9.0 0.042871
9.1 0.041164
9.2 0.039539
9.3 0.037991
9.4 0.036517
9.5 0.035112
9.6 0.033773
9.7 0.032497
9.8 0.031281
9.9 0.030121
10.0 0.029015
10.1 0.027960
10.2 0.026954
10.3 0.025993
10.4 0.025075
10.5 0.024199
10.6 0.023362
10.7 0.022563
10.8 0.021798
10.9 0.021068
11.0 0.020369
11.1 0.019700
11.2 0.019060
11.3 0.018448
11.4 0.017861
11.5 0.017299
11.6 0.016761
11.7 0.016245
11.8 0.015750
11.9 0.015275
12.0 0.014819
12.1 0.014382
12.2 0.013962
12.3 0.013559
12.4 0.013171
12.5 0.012799
12.6 0.012440
12.7 0.012096
12.8 0.011764
12.9 0.011445
13.0 0.011137
13.1 0.010841
13.2 0.010556
13.3 0.010281
13.4 0.010015
13.5 0.009759
13.6 0.009513
13.7 0.009274
13.8 0.009044
13.9 0.008822
14.0 0.008607
14.1 0.008400
14.2 0.008199
14.3 0.008005
14.4 0.007817
14.5 0.007636
14.6 0.007460
14.7 0.007289
14.8 0.007125
14.9 0.006965
15.0 0.006810